The legal moves possible are : 
1 2 3 4 5 6 7 
1 2 3 4 5 6 7 
1 2 3 4 5 6 
2 3 4 5 6 7 
2 3 4 5 6 7 
2 3 4 5 7 
2 3 4 5 7 
2 3 4 6 7 
2 3 4 6 7 
2 3 5 6 7 
2 3 5 6 7 
3 4 5 6 7 
3 4 5 6 7 
3 4 5 6 
3 4 5 6 
1 2 3 4 5 6 
1 2 3 4 5 6 
1 2 3 4 6 7 
1 2 3 4 6 7 
1 2 4 5 6 7 
1 2 4 5 6 7 
1 2 4 6 7 
1 2 5 6 7 
1 2 5 6 7 
2 5 6 7 
2 5 6 7 
1 2 3 4 5 6 7 
1 2 3 4 5 6 7 
1 2 3 4 5 6 
1 2 3 4 5 6 
1 2 3 4 5 7 
1 2 3 4 5 7 
1 3 4 5 7 
1 3 4 6 7 
1 3 4 6 7 
1 4 5 6 7 
1 4 5 7 
1 4 5 7 
1 4 7 
1 5 6 7 
1 5 6 7 
1 5 6 
1 5 6 
2 3 5 6 
2 3 5 6 
2 5 7 
2 5 7 
2 6 7 
2 6 7 
2 3 4 5 6 7 
2 3 4 5 6 7 
2 3 4 5 6 
2 3 4 5 6 
2 4 5 6 
2 4 5 7 
2 4 5 7 
4 5 7 
4 5 7 
4 6 7 
4 6 7 
4 7 
4 7 
4 
4 
1 5 
1 5 
